+972533373261
+972548115850
+972548109565
+972548110385
+972533357374
+972533360882
+972533360276
+972548122313
+972548114535
+972548118038
+972533370442
+972548119254
+972548123731
+972533374605
+972548117365
+972548111130
+972533367775
+972533367123
+972548123120
+972533368538
+972533372609
+972548124883
+972548114536
+972548113132
+972548120672
+972548121490
+972548118675
+972548118048
+972548119260
+972548110395
+972548123733
+972548116614
+972548122317
+972548117369
+972548114540
+972533360897
+972533369856
+972533373935
+972533370452
+972548118676
+972533367795
+972548123735
+972533371784
+972548122318
+972533369860
+972548117372
+972548121501
+972548113888
+972533359053
+972548111143
+972533369194
+972548123125
+972548118053
+972533372619
+972533371786
+972548111144
+972548115102
+972548110405
+972548109585
+972533358120
+972533370461
+972533374634
+972548123743
+972548115876
+972548118686
+972533356956
+972548120677
+972533373944
+972533359634
+972548116619
+972533359057
+972548117392
+972548110408
+972548119274
+972533373279
+972548118058
+972548123746
+972548115105
+972533360293
+972533360904
+972548111148
+972548121513
+972548111632
+972533371054
+972548111149
+972533357395
+972548117398
+972533374639
+972548123127
+972533368565
+972533365972
+972548116626
+972548118697
+972548113912
+972548119915
+972533369216
+972548119282
+972533373951
+972533360297
+972548120688
+972548111151
+972548113156
+972548118698
+972533371064
+972533360299
+972548111635
+972533372635
+972548109608
+972548123132
+972533373285
+972548115896
+972548110422
+972548124946
+972548116632
+972533372636
+972548122333
+972533358138
+972533369889
+972533359069
+972533371805
+972548113916
+972533367139
+972533359649
+972548123133
+972548115897
+972533365987
+972533373957
+972548121530
+972548118704
+972533360302
+972533371069
+972533370477
+972548122334
+972548118080
+972548123765
+972533360919
+972548112263
+972533367140
+972548124979
+972533368578
+972548123134
+972533360920
+972533359073
+972533360304
+972533367894
+972548121532
+972533371071
+972548122335
+972533357415
+972548117416
+972548115118
+972548118084
+972533358141
+972533374646
+972533370481
+972533369893
+972548112270
+972548115905
+972533368582
+972533360924
+972533372647
+972533369233
+972533373964
+972548117417
+972533371816
+972548122337
+972533357417
+972548123141
+972548118089
+972533370487
+972533373965
+972548123775
+972548113180
+972533360926
+972548122338
+972548118090
+972548111164
+972548123777
+972533358146
+972533368588
+972548113181
+972548123143
+972548125000
+972548119302
+972548120721
+972548111168
+972533368590
+972533373315
+972533370494
+972533372656
+972533358150
+972548115127
+972548123780
+972548117424
+972533359091
+972548125005
+972548119305
+972548120730
+972548112276
+972548118096
+972548111656
+972548113938
+972533369243
+972533357427
+972548122350
+972548115134
+972548116668
+972533371093
+972533374661
+972548123781
+972533359092
+972548119941
+972548112278
+972548118098
+972548113939
+972533371094
+972533359678
+972533367172
+972533372661
+972548125015
+972533371836
+972548115142
+972548123153
+972548111174
+972533369916
+972533360939
+972548118722
+972548122355
+972533357437
+972533373326
+972548110462
+972548123787
+972533371837
+972548115143
+972533369248
+972548118103
+972533366016
+972533371097
+972533368605
+972533358159
+972533374674
+972533367921
+972533372662
+972533360324
+972548122356
+972548123156
+972548111665
+972548112285
+972533367923
+972548119956
+972548115150
+972533373332
+972548110469
+972548120741
+972533372663
+972548118105
+972548116681
+972533359099
+972548123797
+972533360943
+972548109675
+972533371101
+972548117434
+972533367177
+972533368608
+972533369919
+972548113968
+972548111668
+972548119958
+972548115152
+972533359100
+972548125052
+972533358167
+972533359693
+972548119335
+972548120745
+972533370519
+972548110472
+972533371102
+972533371852
+972533357452
+972548123160
+972548121598
+972548118107
+972533360955
+972548116685
+972548113970
+972533373335
+972533367183
+972548111669
+972548117441
+972533359103
+972548119336
+972548120746
+972548110475
+972548119963
+972533370520
+972548111182
+972533373337
+972548113230
+972548112300
+972548119337
+972533368617
+972533374016
+972533372676
+972548123809
+972533371108
+972548110477
+972548121600
+972533360338
+972533367192
+972533357461
+972548119966
+972533359699
+972548118753
+972533368619
+972548111186
+972548115962
+972533371870
+972548123177
+972548120750
+972548119343
+972533371112
+972548115170
+972548119967
+972533359700
+972533367193
+972533359112
+972548116697
+972548113240
+972533367963
+972533357468
+972533373346
+972548112310
+972533360341
+972548118116
+972533358194
+972533369945
+972533374701
+972533371872
+972548115174
+972548125083
+972548123817
+972533359113
+972548116699
+972548118761
+972548123818
+972533360972
+972548119970
+972533367202
+972548119354
+972533359114
+972533367972
+972533371115
+972533372703
+972548121611
+972533369956
+972548110484
+972533368626
+972533369289
+972548115176
+972548111197
+972548112322
+972533373351
+972533360973
+972548125090
+972548115976
+972548123188
+972548122418
+972548113247
+972548119972
+972533357506
+972533371116
+972533358206
+972548118120
+972533372705
+972548111198
+972533367976
+972533373356
+972548112323
+972548110485
+972548111688
+972533369293
+972533369961
+972548119975
+972548121620
+972548116709
+972548125099
+972533372706
+972548111199
+972548110488
+972548118121
+972533373360
+972548122428
+972533360354
+972533368632
+972533360977
+972533366071
+972533371891
+972533370547
+972548114003
+972548117462
+972548111691
+972548121621
+972533369962
+972533358210
+972533357514
+972548113254
+972533359127
+972548123837
+972533368633
+972533371897
+972548116712
+972548118780
+972533367220
+972533370551
+972548119390
+972533359735
+972548118123
+972533372711
+972548121630
+972548119983
+972548111693
+972533371126
+972533374725
+972548110496
+972548111695
+972548115993
+972533360988
+972548119391
+972533373368
+972548113261
+972548125114
+972548122441
+972533372714
+972533358222
+972548112334
+972548111205
+972533357522
+972548114014
+972533367230
+972533367993
+972533374727
+972533373369
+972548113265
+972548122442
+972548112335
+972548120806
+972548123214
+972533369976
+972533367995
+972548111207
+972533374730
+972548119398
+972533368645
+972533369317
+972533371134
+972548123877
+972548120812
+972548110505
+972548113267
+972533360992
+972533370562
+972548120813
+972548123218
+972533369978
+972548123880
+972548125129
+972548111211
+972548111703
+972533359139
+972548114018
+972533371136
+972548118137
+972548120818
+972548123881
+972548121662
+972533372723
+972548115207
+972533374040
+972548116738
+972548119999
+972548122455
+972548110510
+972548118140
+972533357528
+972548109798
+972548123882
+972548112348
+972533369980
+972548119402
+972548116743
+972533369329
+972533371925
+972548111706
+972548113282
+972533367253
+972533360998
+972548112349
+972548114030
+972548119407
+972533369983
+972533357530
+972548120841
+972548111221
+972533372727
+972548118799
+972548109809
+972548115220
+972533368658
+972548119408
+972533371932
+972548111222
+972548112357
+972533372732
+972548122466
+972533369987
+972533371151
+972533360380
+972533368014
+972548120007
+972533374052
+972548119410
+972533367263
+972548114034
+972548123230
+972548109816
+972548116757
+972533371933
+972548112360
+972533359160
+972533372734
+972548118156
+972533357536
+972533370591
+972533374054
+972548123900
+972548121682
+972548118807
+972548122467
+972548125182
+972533368664
+972548113296
+972533358248
+972533369344
+972533371154
+972533367270
+972548116014
+972548112363
+972533361008
+972533373407
+972548123237
+972548119416
+972533371157
+972548118809
+972548125188
+972533370594
+972533366134
+972548116765
+972533359777
+972533371941
+972533374058
+972533368668
+972533370002
+972548123239
+972548118810
+972533367272
+972548115242
+972533359167
+972533369345
+972548120021
+972548120867
+972548111733
+972533371942
+972548123910
+972533370599
+972548122481
+972533359778
+972533374066
+972533368024
+972533358254
+972548113302
+972548115244
+972548120875
+972533361019
+972533368026
+972533357543
+972533367274
+972548114050
+972533371169
+972548119430
+972548116768
+972533372746
+972548122490
+972548109849
+972548115245
+972548117518
+972533360398
+972533374067
+972548121701
+972533366140
+972548110556
+972533367277
+972548120028
+972533359781
+972548118164
+972548116770
+972548122499
+972548111240
+972533359179
+972533357549
+972548121702
+972533369367
+972548111740
+972533360401
+972533358259
+972548122502
+972533368676
+972548115254
+972548123251
+972548109866
+972548113308
+972548116034
+972548119440
+972533367285
+972548116774
+972533359791
+972548114058
+972548110565
+972533369374
+972548122504
+972533361034
+972533358264
+972533369377
+972548113309
+972533367290
+972548123953
+972533371176
+972548119441
+972548120900
+972548109876
+972533360406
+972533373425
+972548118178
+972533371964
+972548111246
+972548116044
+972533368681
+972533374084
+972533370039
+972548113310
+972533366166
+972548121718
+972548125252
+972548123262
+972533360408
+972548119442
+972533359184
+972548118181
+972548116779
+972533368048
+972548113312
+972548120048
+972548111760
+972533372766
+972548110580
+972548112409
+972533366167
+972533370040
+972533367293
+972533357569
+972533360409
+972548116786
+972548119443
+972533371973
+972548110582
+972533359803
+972548113314
+972533369393
+972533370628
+972548112411
+972533370043
+972533368691
+972533371975
+972533361043
+972533372775
+972548119446
+972533373439
+972548111764
+972548109899
+972533360448
+972548116790
+972548117556
+972548113317
+972533358282
+972533357575
+972548110590
+972548125277
+972533368692
+972533369400
+972533368075
+972548120920
+972533371979
+972548111255
+972548123990
+972533359193
+972533367319
+972548118846
+972533373443
+972533372779
+972548125285
+972548115303
+972533357578
+972548112422
+972548116077
+972548110607
+972548116811
+972548120071
+972548114100
+972533367321
+972533361053
+972533374817
+972548112423
+972533360455
+972533359821
+972533372786
+972548117563
+972533359196
+972533370075
+972548111774
+972533366242
+972548123999
+972533371990
+972533373448
+972533368085
+972548123288
+972533358292
+972533359824
+972548120950
+972533372788
+972548116816
+972533361057
+972533359199
+972548117565
+972548112426
+972548111776
+972533374112
+972548120074
+972533373449
+972548124004
+972533374114
+972548118859
+972533358294
+972533360460
+972533372793
+972548111269
+972548113336
+972548115316
+972533371992
+972533357595
+972533369421
+972533368088
+972548117566
+972533374831
+972533359204
+972533361059
+972548120970
+972548121777
+972533366265
+972548113337
+972548110634
+972548114554
+972533369426
+972548114110
+972548123298
+972548120080
+972533372797
+972533366266
+972533359832
+972533361060
+972533368719
+972548124021
+972548115328
+972533361061
+972548116837
+972533369432
+972533372804
+972548117575
+972533373465
+972548118865
+972548114562
+972533369433
+972548120082
+972533359838
+972533371996
+972548116107
+972533357603
+972533361062
+972548124024
+972533373468
+972548121802
+972548109933
+972548114565
+972548123307
+972548120084
+972533360474
+972548117579
+972533357606
+972533366269
+972548118213
+972548116844
+972533359845
+972548113349
+972533361066
+972548124030
+972548114126
+972548116111
+972533368732
+972533360480
+972533370102
+972548120985
+972533372003
+972548114567
+972548122599
+972533359215
+972533357608
+972548109956
+972533372819
+972533368110
+972533374140
+972548118874
+972548123309
+972533370680
+972548116115
+972533367364
+972533373478
+972533360483
+972533357615
+972533372005
+972533372820
+972548120091
+972548123310
+972533369448
+972548116856
+972533373480
+972548118875
+972533360484
+972533358317
+972533366309
+972548118222
+972548122611
+972533371279
+972533357616
+972533367371
+972533368738
+972548113358
+972548124055
+972548109964
+972548111804
+972548116858
+972548119518
+972548111288
+972548114574
+972548121822
+972533374152
+972548115355
+972533367373
+972533369452
+972548123316
+972548121001
+972533371281
+972533360487
+972548114144
+972548109966
+972548118226
+972533366314
+972533361080
+972533374885
+972533370113
+972533358320
+972548111806
+972548118880
+972533370692
+972533369454
+972548111289
+972533373490
+972533368743
+972533372015
+972548123317
+972548121842
+972533357625
+972548121003
+972548116126
+972548110664
+972548114583
+972548120100
+972533368133
+972548117606
+972548116863
+972548114154
+972548119527
+972533368745
+972548118881
+972548111807
+972548123321
+972533359878
+972533374891
+972548114585
+972548116127
+972533357627
+972548112478
+972533368136
+972548122632
+972533369460
+972548111293
+972533370699
+972548109990
+972548119537
+972548113367
+972548114590
+972548118233
+972548123328
+972548120102
+972533357628
+972533360504
+972533370122
+972548117614
+972533372845
+972548116131
+972548112482
+972548121868
+972548116870
+972533358329
+972533368138
+972548121013
+972548119541
+972548111296
+972548113373
+972548114600
+972533368750
+972533360506
+972548115395
+972548118884
+972548110687
+972548120106
+972533359887
+972533359235
+972548117616
+972548123332
+972548109995
+972533374176
+972533361096
+972533370705
+972548124101
+972548118240
+972548113374
+972548116877
+972548111298
+972548110689
+972548114167
+972548118241
+972533359236
+972533373508
+972548116141
+972533358338
+972548111816
+972548114608
+972533368757
+972533372857
+972548113377
+972548121884
+972533371316
+972548115406
+972548124102
+972548109999
+972548121018
+972548116143
+972548114171
+972533374184
+972533357640
+972533373511
+972533359239
+972548114610
+972533361104
+972533360515
+972548118248
+972548121019
+972548120121
+972533372863
+972548111314
+972533370135
+972548124114
+972533359897
+972533373519
+972548112509
+972548120122
+972533360519
+972548121020
+972548113390
+972533370137
+972548119567
+972548121909
+972533361107
+972548110705
+972548121912
+972533368162
+972533370711
+972548124122
+972548111824
+972533373523
+972533358344
+972548121037
+972533372868
+972533361112
+972533359247
+972548123355
+972533373526
+972548112521
+972548110714
+972533374198
+972548111825
+972533358348
+972548118914
+972548123360
+972548121041
+972533374939
+972533372870
+972548110718
+972533369490
+972548121919
+972548114186
+972533370714
+972548124132
+972533368170
+972533374202
+972533374941
+972548115424
+972548111829
+972548112527
+972533370150
+972548121046
+972548119578
+972533359909
+972533372876
+972533359259
+972548116912
+972533360530
+972533369492
+972548118270
+972548112528
+972548121047
+972548114638
+972548118924
+972548116915
+972548113414
+972533369494
+972533361124
+972533359261
+972533358356
+972533374947
+972548111834
+972533368174
+972548121048
+972548114640
+972533373546
+972548119585
+972548123366
+972548110735
+972533358360
+972533373547
+972548115439
+972548112545
+972548121059
+972548116155
+972548111835
+972548124172
+972533361127
+972533373548
+972548123371
+972548116156
+972533356966
+972548119589
+972548115447
+972533368184
+972548114645
+972548116924
+972548124181
+972548116160
+972548112555
+972548113425
+972548112557
+972533359264
+972533366351
+972533359920
+972533369503
+972533372897
+972548119595
+972533374221
+972533370166
+972548118930
+972533366353
+972533361131
+972548124192
+972533356973
+972533374222
+972533359925
+972533373556
+972548115452
+972533359273
+972548119598
+972548110777
+972533366360
+972533369509
+972548112585
+972533373557
+972548111845
+972548113435
+972548116937
+972533359928
+972548115455
+972533359282
+972533372907
+972548116165
+972548112586
+972533370177
+972548121987
+972533361143
+972533368203
+972548121082
+972548114663
+972548115460
+972533374235
+972533359283
+972548124221
+972533358448
+972548114225
+972548116939
+972548116168
+972548113443
+972548121990
+972533372912
+972533374237
+972548114226
+972548113444
+972533359939
+972533366374
+972548116171
+972548118941
+972533361149
+972548124226
+972548119613
+972533368215
+972548110798
+972548121993
+972533372920
+972548111854
+972548113450
+972533358522
+972533370183
+972533359291
+972533369526
+972533374241
+972548114233
+972548121100
+972533359292
+972548119618
+972533373579
+972533369527
+972548113457
+972548110808
+972548124231
+972548111859
+972533374243
+972533372925
+972548121999
+972548114235
+972533370185
+972533359293
+972533368220
+972533356999
+972548118953
+972548111861
+972548116184
+972548112691
+972548119621
+972533359951
+972533358529
+972548121103
+972548110811
+972548118337
+972548115490
+972533374246
+972548124233
+972533357013
+972548116187
+972548118954
+972548114240
+972548111862
+972548110813
+972548116188
+972533359295
+972533359953
+972548121107
+972533369536
+972533358535
+972548119628
+972548114241
+972533366389
+972548112748
+972548124242
+972548118341
+972533370193
+972533374251
+972533372937
+972548113465
+972548116189
+972548111864
+972533359297
+972548118957
+972548114243
+972548116976
+972533370195
+972548114706
+972548116191
+972533361172
+972533373597
+972533359954
+972533374254
+972548114245
+972533372943
+972548111865
+972548113478
+972533370197
+972533369541
+972548116977
+972548116195
+972548121112
+972533357024
+972533370199
+972548111867
+972548124246
+972533372947
+972548116978
+972533373603
+972533374257
+972533374261
+972548118348
+972548119642
+972548124255
+972533368248
+972533366430
+972533359959
+972548112772
+972548114257
+972533370207
+972548111871
+972548118353
+972548115518
+972548121118
+972548124268
+972548113494
+972548114713
+972533357029
+972533368252
+972533359962
+972548111873
+972533372957
+972548112778
+972548116210
+972548118355
+972548121123
+972533357030
+972548118976
+972548115523
+972548124281
+972548113497
+972533368254
+972548111874
+972548118358
+972533358564
+972548112780
+972533359321
+972548121125
+972548115525
+972533368263
+972533374282
+972548116996
+972533369562
+972548114266
+972548122045
+972533357112
+972533373623
+972548111875
+972548115527
+972548116222
+972533368264
+972548121127
+972533358566
+972548116997
+972548119660
+972533368267
+972533370220
+972548110853
+972548121134
+972548122048
+972548124303
+972548118984
+972533369564
+972533359980
+972548118371
+972548114747
+972548114278
+972533358575
+972548122050
+972533366531
+972548117007
+972533368274
+972548121144
+972533373639
+972548122053
+972533359331
+972533366536
+972533374301
+972548110863
+972548114280
+972548124333
+972533370235
+972533357125
+972548117010
+972533359989
+972548118999
+972533374303
+972548110865
+972548117013
+972548118379
+972533370236
+972548121151
+972533369583
+972533373642
+972548118380
+972548122060
+972548124342
+972548119672
+972533359342
+972548113530
+972533368286
+972548117015
+972533370237
+972548116250
+972533373643
+972548118381
+972548115551
+972548119674
+972533361214
+972548119001
+972548119675
+972533361217
+972548119003
+972548115555
+972533359998
+972548117019
+972548118382
+972533368293
+972533370239
+972548119676
+972533373021
+972548114774
+972533373649
+972533357137
+972548113536
+972548118385
+972548119680
+972548110876
+972533373022
+972533368295
+972548114300
+972548113538
+972533358646
+972533368296
+972533373651
+972548114780
+972548118387
+972548117028
+972533357141
+972548114303
+972533373027
+972548124383
+972533358648
+972533368297
+972548124391
+972548119692
+972533373028
+972548117033
+972533366613
+972533373657
+972533358661
+972548119693
+972533369591
+972533368301
+972533366616
+972533357152
+972533369592
+972533370256
+972548118400
+972548114800
+972548113550
+972533368304
+972533357153
+972548115572
+972548121187
+972548114801
+972533368305
+972533373665
+972548110881
+972533369596
+972533358678
+972548114328
+972548113557
+972548114803
+972548124421
+972548119033
+972533373043
+972548115579
+972533370263
+972548121195
+972533366660
+972548111930
+972533369606
+972533368311
+972548113562
+972548110889
+972533358685
+972548124428
+972548117062
+972533357170
+972548114810
+972548115580
+972548110891
+972533368312
+972548118414
+972548119044
+972533368315
+972548114812
+972548119729
+972533366669
+972533373691
+972548111941
+972533357177
+972548124431
+972548118422
+972548117072
+972548114346
+972533358695
+972548122114
+972548110904
+972548121209
+972533366698
+972533357182
+972533373700
+972548119059
+972533373066
+972548115600
+972548111961
+972548124435
+972533368324
+972533357183
+972548115611
+972548111963
+972548114352
+972548119060
+972548110907
+972548114828
+972548124441
+972548117079
+972548122120
+972548113579
+972533370285
+972548119755
+972548119062
+972533369632
+972533358716
+972548124442
+972548110909
+972533357191
+972533373705
+972548118451
+972533368331
+972548124443
+972548118455
+972548119068
+972548122129
+972548111976
+972548110916
+972548113585
+972533358724
+972548117085
+972548114840
+972548115622
+972533368337
+972548122133
+972533373082
+972548119767
+972548118460
+972533373713
+972548117087
+972548113600
+972548124447
+972533358732
+972548110917
+972533368341
+972548119772
+972548115636
+972548111984
+972548118462
+972548121232
+972548124448
+972533373086
+972548114377
+972548119080
+972548117095
+972548118464
+972533373087
+972533368346
+972548119775
+972548114851
+972533368349
+972548121237
+972533373720
+972533370307
+972548117098
+972548124461
+972533368355
+972533373091
+972533369662
+972548121241
+972548114863
+972548119788
+972548114394
+972533358749
+972533368370
+972533370315
+972533373730
+972533368371
+972533357227
+972533358752
+972548119089
+972533369670
+972533373094
+972533373732
+972548124484
+972533369671
+972548117112
+972533370321
+972548113637
+972533368373
+972548115665
+972548119096
+972533369673
+972533373734
+972533368374
+972548121247
+972548113641
+972548117117
+972548114395
+972548118474
+972548118476
+972548119100
+972548113642
+972548121248
+972548112006
+972533373105
+972548114396
+972533366901
+972548119101
+972548122171
+972548114399
+972548114868
+972533368377
+972548117132
+972533366929
+972548113646
+972548124499
+972533373738
+972548119817
+972548119102
+972548121254
+972533357251
+972548114401
+972548114875
+972548115677
+972533373115
+972533368383
+972548119103
+972548112021
+972533366934
+972533373742
+972533369692
+972548115681
+972548117142
+972548122176
+972533373118
+972548119109
+972533373745
+972548114900
+972533369694
+972548117147
+972548122180
+972548112044
+972533357259
+972548113667
+972533373749
+972533370349
+972533358787
+972548114905
+972533373144
+972548122191
+972548119115
+972533373750
+972533358789
+972533368406
+972548114411
+972548113677
+972533357264
+972533370354
+972548118506
+972548119118
+972548117160
+972548121271
+972533373758
+972548113681
+972533370358
+972533368414
+972548115711
+972548121273
+972533357275
+972548122204
+972548114938
+972548109379
+972533368417
+972533367007
+972548117183
+972533373163
+972548115720
+972548109388
+972548114422
+972533370373
+972548122210
+972548119142
+972548121289
+972533367012
+972533369723
+972533373169
+972548124604
+972548118535
+972548119143
+972533370379
+972533357286
+972533369729
+972548118539
+972533373794
+972548109404
+972548113721
+972548115729
+972548112102
+972548118540
+972548114960
+972533358813
+972533357291
+972548119149
+972533367017
+972548112104
+972533369737
+972533368437
+972548115735
+972548114441
+972548113730
+972533373183
+972548121296
+972548118547
+972533369740
+972533358817
+972548114445
+972548119156
+972548117221
+972548114977
+972533357301
+972533370393
+972548114981
+972533373185
+972533358821
+972533373819
+972533367030
+972548114994
+972548118555
+972533369750
+972533357305
+972548112115
+972533370394
+972548109440
+972548119163
+972548113744
+972548115766
+972548122234
+972533373188
+972533368451
+972548119171
+972548114998
+972533367035
+972548124673
+972548115772
+972533373824
+972548118558
+972533368458
+972548112124
+972548115777
+972533357309
+972548112125
+972533369764
+972548109445
+972533358831
+972548119181
+972533362102
+972548115786
+972533369771
+972548115002
+972548117259
+972533368465
+972548113765
+972548114460
+972548122254
+972548119182
+972533358835
+972533367049
+972533363394
+972548114463
+972548119186
+972548118577
+972548112131
+972533358836
+972533363396
+972533361465
+972533362778
+972548122261
+972548115800
+972533362780
+972548122262
+972533363397
+972548124682
+972548117276
+972548115804
+972548118578
+972533363407
+972533367054
+972533364705
+972533363408
+972533365530
+972548115805
+972533373866
+972533362124
+972548122266
+972533358846
+972533361474
+972533364024
+972533365531
+972548112138
+972533367058
+972533386260
+972533358848
+972533364707
+972548124700
+972548113781
+972533362143
+972533361476
+972548118587
+972548121323
+972548119206
+972533365536
+972533384170
+972533387177
+972533364717
+972548124728
+972548118589
+972533358854
+972533387984
+972533364721
+972533362785
+972533358858
+972548118599
+972533365546
+972548121342
+972533387185
+972533362197
+972533358859
+972548118600
+972533389426
+972533387189
+972548112160
+972533384882
+972548124774
+972548118604
+972533386284
+972533361504
+972548112161
+972533363447
+972548118606
+972533384202
+972533364057
+972533386291
+972533364745
+972548124780
+972548118607
+972533362802
+972533386292
+972533390671
+972533385559
+972533387200
+972533364066
+972533362803
+972533363467
+972533389441
+972533390103
+972533361531
+972533387201
+972548121373
+972533386298
+972533390674
+972533363468
+972533361532
+972533390104
+972533389445
+972533391240
+972533384895
+972533386301
+972533391842
+972533385572
+972533361535
+972533362815
+972533384222
+972533365583
+972533390680
+972533364071
+972533390108
+972533389447
+972533385579
+972533392616
+972533365585
+972533390684
+972533386306
+972533384231
+972533389448
+972533390115
+972533362825
+972533392617
+972533365586
+972533384912
+972533363489
+972533364782
+972533384233
+972533391251
+972533390118
+972533375520
+972533384913
+972533362238
+972533363491
+972533391857
+972533361548
+972533389457
+972533384241
+972533361549
+972533364081
+972533375527
+972533365592
+972533362830
+972533365595
+972533364085
+972533364794
+972533391863
+972533362839
+972533385589
+972533386313
+972533384243
+972533391267
+972533387229
+972533391870
+972533364091
+972533390704
+972533375538
+972533364798
+972533387230
+972533389464
+972533365611
+972533392642
+972533386315
+972533390142
+972533391872
+972533363507
+972533364096
+972533362859
+972533389468
+972533390144
+972533390711
+972533391876
+972533391278
+972533364802
+972533365615
+972533386322
+972533390713
+972533361567
+972533365616
+972533363513
+972533386323
+972533362246
+972533364808
+972533385678
+972533390716
+972533362869
+972533384290
+972533386327
+972533364110
+972533361568
+972533388062
+972533390720
+972533375571
+972533362249
+972533385683
+972533384291
+972533392690
+972533389489
+972533386330
+972533361570
+972533363517
+972533391891
+972533384973
+972533384296
+972533365623
+972533385686
+972533391893
+972533364120
+972533385689
+972533390172
+972533384978
+972533375581
+972533361578
+972533390725
+972533386335
+972533362262
+972533389497
+972533363522
+972533388084
+972533391304
+972533387274
+972533386336
+972533385691
+972533361580
+972533365634
+972533362263
+972533362903
+972533364842
+972533391307
+972533389500
+972533386337
+972533384310
+972533384990
+972533364844
+972533361585
+972533390188
+972533363535
+972533365644
+972533387282
+972533390740
+972533386340
+972533364848
+972533385703
+972533362919
+972533390195
+972533391312
+972533361590
+972533392759
+972533363542
+972533362278
+972533391938
+972533361596
+972533384317
+972533386344
+972533389516
+972533362922
+972533384996
+972533391316
+972533362286
+972533387294
+972533385712
+972533361601
+972533391943
+972533375703
+972533389521
+972533364151
+972533361603
+972533375704
+972533387301
+972533390759
+972533365682
+972533364881
+972533364154
+972533391947
+972533363556
+972533386354
+972533361608
+972533392787
+972533362298
+972533364883
+972533391948
+972533387306
+972533363557
+972533386355
+972533384334
+972533375711
+972533362942
+972533387312
+972533362300
+972533389539
+972533384335
+972533392796
+972533364163
+972533385736
+972533384337
+972533363576
+972533391338
+972533392801
+972533390776
+972533361618
+972533365706
+972533384339
+972533375724
+972533361623
+972533364171
+972533375725
+972533392802
+972533391963
+972533365707
+972533389550
+972533391346
+972533390234
+972533390778
+972533361624
+972533385026
+972533364904
+972533362958
+972533364175
+972533362337
+972533386555
+972533384350
+972533387336
+972533364176
+972533365714
+972533361628
+972533386586
+972533391350
+972533363588
+972533389560
+972533390246
+972533385035
+972533391967
+972533385761
+972533390788
+972533387341
+972533362347
+972533391968
+972533364924
+972533386597
+972533388339
+972533384360
+972533392822
+972533362982
+972533385043
+972533387343
+972533365719
+972533362355
+972533388348
+972533375742
+972533365720
+972533375748
+972533387349
+972533375751
+972533390805
+972533375754
+972533390264
+972533387365
+972533390810
+972533388669
+972533375762
+972533390273
+972533362373
+972533389578
+972533365727
+972533387368
+972533375763
+972533389585
+972533365731
+972533387374
+972533375764
+972533362383
+972533389589
+972533390823
+972533365745
+972533387383
+972533365750
+972533375773
+972533362392
+972533390833
+972533387394
+972533390290
+972533388852
+972533365756
+972533390837
+972533387395
+972533390292
+972533389613
+972533387397
+972533362401
+972533375781
+972533375786
+972533375789
+972533387424
+972533362418
+972533389026
+972533365801
+972533375803
+972533387434
+972533362422
+972533375806
+972533389031
+972533365804
+972533362428
+972533389087
+972533365812
+972533387444
+972533375825
+972533362429
+972533375830
+972533375833
+972533362431
+972533375836
+972533362442
+972533389130
+972533375839
+972533387478
+972533362446
+972533365832
+972533389132
+972533375845
+972533387480
+972533365835
+972533362450
+972533389134
+972533375848
+972533387483
+972533387484
+972533362459
+972533387493
+972533389149
+972533375868
+972533389152
+972533365855
+972533362468
+972533389154
+972533387506
+972533375882
+972533365860
+972533375884
+972533389165
+972533375886
+972533387517
+972533362484
+972533365873
+972533375888
+972533387519
+972533387520
+972533362493
+972533389183
+972533387521
+972533375895
+972533389189
+972533362500
+972533365900
+972533389192
+972533362504
+972533387530
+972533362505
+972533375907
+972533389199
+972533387533
+972533365908
+972533389205
+972533387538
+972533389208
+972533362522
+972533362524
+972533375927
+972533389222
+972533375945
+972533365936
+972533365939
+972533375952
+972533387572
+972533365945
+972533389239
+972533375961
+972533387583
+972533387587
+972533387593
+972533375976
+972533387594
+972533362571
+972533383968
+972533383970
+972533383972
+972533376004
+972533362602
+972533389285
+972533383980
+972533376005
+972533362607
+972533389293
+972533376010
+972533362608
+972533389295
+972533387639
+972533376024
+972533362621
+972533387660
+972533384012
+972533362630
+972533387661
+972533389307
+972533362637
+972533389319
+972533376043
+972533387670
+972533384030
+972533362644
+972533389325
+972533376060
+972533384032
+972533389326
+972533387686
+972533387687
+972533376064
+972533387692
+972533384040
+972533376067
+972533387696
+972533384049
+972533376076
+972533389354
+972533384051
+972533384053
+972533376082
+972533387719
+972533362689
+972533384057
+972533362690
+972533384061
+972533362691
+972533387727
+972533376098
+972533389384
+972533387731
+972533376101
+972533384070
+972533387732
+972533389393
+972533384075
+972533387736
+972533389396
+972533362716
+972533384080
+972533389398
+972533387741
+972533384081
+972533362719
+972533376133
+972533362720
+972533376140
+972533376231
+972533384091
+972533376241
+972533376163
+972533387795
+972533384108
+972533362753
+972533376245
+972533387796
+972533376166
+972533376247
+972533376167
+972533376250
+972533384114
+972533376251
+972533376171
+972533377075
+972533376266
+972533376176
+972533377084
+972533376269
+972533387974
+972533376183
+972533384146
+972533376193
+972533376292
+972533377098
+972533379098
+972533378423
+972533376202
+972533378426
+972533376206
+972533379102
+972533376306
+972533378431
+972533376310
+972533379110
+972533379776
+972533378437
+972533376311
+972533377236
+972533376317
+972533379116
+972533376322
+972533377275
+972533378469
+972533378478
+972533379815
+972533376331
+972533379820
+972533377301
+972533379829
+972533376335
+972533377320
+972533378513
+972533377321
+972533379850
+972533376359
+972533379851
+972533376360
+972533378536
+972533379875
+972533376383
+972533376393
+972533378550
+972533377375
+972533378555
+972533379904
+972533378556
+972533376476
+972533379910
+972533376565
+972533376605
+972533378581
+972533376607
+972533377877
+972533379945
+972533376614
+972533379950
+972533378001
+972533376624
+972533378633
+972533379951
+972533378007
+972533376634
+972533379969
+972533378653
+972533378029
+972533379981
+972533379985
+972533379992
+972533378674
+972533376659
+972533378676
+972533378053
+972533380003
+972533378689
+972533376679
+972533378064
+972533378065
+972533378702
+972533380036
+972533378707
+972533376693
+972533380053
+972533378080
+972533378712
+972533380063
+972533378714
+972533380073
+972533378089
+972533376736
+972533378719
+972533378722
+972533376737
+972533380093
+972533376738
+972533378097
+972533378729
+972533378100
+972533380104
+972533378113
+972533380107
+972533380110
+972533378739
+972533376762
+972533380116
+972533376763
+972533378747
+972533378132
+972533378749
+972533376766
+972533378134
+972533380131
+972533376770
+972533378758
+972533376773
+972533380138
+972533378763
+972533378149
+972533380140
+972533378765
+972533376780
+972533378154
+972533380143
+972533378772
+972533378775
+972533378170
+972533380155
+972533376787
+972533380158
+972533378175
+972533378780
+972533376798
+972533380162
+972533376806
+972533380168
+972533378788
+972533378189
+972533376817
+972533380177
+972533378208
+972533378810
+972533376842
+972533378212
+972533376843
+972533378821
+972533378218
+972533376849
+972533378824
+972533376853
+972533378825
+972533380211
+972533378232
+972533376858
+972533378234
+972533376862
+972533378840
+972533378856
+972533378253
+972533376886
+972533380235
+972533376900
+972533376905
+972533376907
+972533378873
+972533380252
+972533378279
+972533376915
+972533380263
+972533376926
+972533378296
+972533380268
+972533376933
+972533378302
+972533378307
+972533378953
+972533378308
+972533376959
+972533378314
+972533378958
+972533380295
+972533378316
+972533378965
+972533378323
+972533380306
+972533376979
+972533378979
+972533380309
+972533380320
+972533378988
+972533376995
+972533380330
+972533378356
+972533379002
+972533380337
+972533378372
+972533380339
+972533379010
+972533379018
+972533380348
+972533379019
+972533378383
+972533378385
+972533377047
+972533379030
+972533380370
+972533378390
+972533379032
+972533377052
+972533378392
+972533380378
+972533378396
+972533380382
+972533378399
+972533380393
+972533381109
+972533380436
+972533379059
+972533379060
+972533379063
+972533380447
+972533380403
+972533380405
+972533379071
+972533380450
+972533380408
+972533379077
+972533380454
+972533380409
+972533379090
+972533381149
+972533380465
+972533380416
+972533380418
+972533381726
+972533380473
+972533381730
+972533382564
+972533380477
+972533382565
+972533381735
+972533380482
+972533381737
+972533382575
+972533381183
+972533381750
+972533381185
+972533381186
+972533380495
+972533381762
+972533380496
+972533381217
+972533382615
+972533380503
+972533382617
+972533381226
+972533380507
+972533381781
+972533382619
+972533381228
+972533380517
+972533381240
+972533382642
+972533380525
+972533382652
+972533380537
+972533381267
+972533382663
+972533381823
+972533380544
+972533381284
+972533380547
+972533380555
+972533382690
+972533381842
+972533382692
+972533381300
+972533380562
+972533381304
+972533380565
+972533382702
+972533381305
+972533380571
+972533381860
+972533382721
+972533381314
+972533380578
+972533381871
+972533381318
+972533382728
+972533380586
+972533382740
+972533380590
+972533381883
+972533381336
+972533382741
+972533380591
+972533382743
+972533381342
+972533380595
+972533381892
+972533382752
+972533381893
+972533382754
+972533381351
+972533380603
+972533381895
+972533380605
+972533381355
+972533381898
+972533382776
+972533381903
+972533380615
+972533382783
+972533381363
+972533382787
+972533380626
+972533381369
+972533380628
+972533381374
+972533382797
+972533381376
+972533382806
+972533380644
+972533382006
+972533382011
+972533382807
+972533381386
+972533382808
+972533381391
+972533382811
+972533380652
+972533381392
+972533382812
+972533380654
+972533382025
+972533381395
+972533382814
+972533381400
+972533382815
+972533381402
+972533381403
+972533382821
+972533382032
+972533381405
+972533382909
+972533382039
+972533381410
+972533382923
+972533382927
+972533381415
+972533381417
+972533380705
+972533381423
+972533381427
+972533380713
+972533382197
+972533382976
+972533382202
+972533381440
+972533382990
+972533380731
+972533381450
+972533382997
+972533382216
+972533381457
+972533380739
+972533382219
+972533382234
+972533383023
+972533380756
+972533381490
+972533381501
+972533380764
+972533383029
+972533383031
+972533380768
+972533383032
+972533381511
+972533383033
+972533382265
+972533381514
+972533380777
+972533383034
+972533382268
+972533382271
+972533381526
+972533383043
+972533382272
+972533381536
+972533383056
+972533380810
+972533381537
+972533383058
+972533380817
+972533382330
+972533380821
+972533383066
+972533382334
+972533383067
+972533380825
+972533382335
+972533380830
+972533381559
+972533382337
+972533383077
+972533382339
+972533381563
+972533380844
+972533383086
+972533381568
+972533381569
+972533383096
+972533381570
+972533380853
+972533382362
+972533383097
+972533380855
+972533381573
+972533382367
+972533383098
+972533381580
+972533380863
+972533383100
+972533381583
+972533383104
+972533380880
+972533383105
+972533382402
+972533380899
+972533382405
+972533380903
+972533381598
+972533382409
+972533383134
+972533380909
+972533381600
+972533383135
+972533382414
+972533381603
+972533380918
+972533381605
+972533383158
+972533381611
+972533382425
+972533380930
+972533383160
+972533383162
+972533381613
+972533380947
+972533381624
+972533380949
+972533383170
+972533382441
+972533381625
+972533382442
+972533381627
+972533380964
+972533380966
+972533383183
+972533380968
+972533383186
+972533383193
+972533380989
+972533383195
+972533382513
+972533380995
+972533382514
+972533383205
+972533382516
+972533381681
+972533382522
+972533381007
+972533382523
+972533382524
+972533383215
+972533381101
+972533381693
+972533383216
+972533381696
+972533383226
+972533383306
+972533382551
+972533381706
+972533383307
+972533381707
+972533382552
+972533383230
+972533381720
+972533383235
+972533383314
+972533383236
+972533383316
+972535205199
+972533383237
+972533383317
+972536842306
+972533383324
+972535205221
+972533383253
+972535205222
+972533383337
+972533383341
+972533383259
+972535205233
+972533383265
+972533383286
+972533383374
+972536844800
+972535206061
+972533383397
+972536847070
+972535206079
+972535206083
+972536847704
+972535205322
+972536847731
+972535205325
+972536848103
+972535206108
+972535205332
+972535206111
+972533383432
+972535206114
+972535205344
+972533383436
+972533383439
+972535204481
+972535206140
+972533383440
+972535206142
+972535204497
+972535205373
+972533383443
+972535206166
+972533383446
+972535206167
+972535204525
+972535206182
+972535204526
+972535206194
+972533383468
+972535205419
+972533383469
+972535206212
+972535205422
+972533383475
+972535204546
+972533383491
+972535204573
+972535205466
+972535206258
+972535205471
+972535204583
+972535206270
+972533383512
+972535204610
+972535206290
+972533383522
+972535204616
+972535206297
+972535205510
+972533383542
+972535205540
+972535206344
+972535204665
+972535204677
+972533383559
+972535206363
+972535205558
+972535204683
+972533383578
+972535206385
+972533383581
+972535204712
+972533383586
+972535205572
+972535204718
+972535206416
+972533383601
+972535205594
+972535204728
+972535204730
+972535205596
+972535204732
+972535205617
+972533383613
+972535204737
+972535206476
+972533383618
+972535205634
+972535204766
+972533383637
+972535204777
+972533383650
+972535206548
+972535204786
+972535206551
+972533383655
+972535205697
+972535206554
+972535204803
+972533383663
+972535206559
+972535205711
+972535204813
+972535206576
+972533383705
+972535205751
+972535206584
+972535204851
+972535205754
+972535204854
+972535206595
+972535205758
+972533383715
+972535204855
+972535206606
+972533383724
+972535205788
+972535206619
+972535204885
+972533383751
+972535205797
+972535204911
+972535204919
+972535205806
+972533383764
+972535204923
+972535206667
+972535206680
+972533383799
+972533383801
+972535206695
+972533383820
+972533383826
+972535206752
+972533383838
+972535206757
+972533383847
+972535206759
+972535206778
+972535206788
+972533383856
+972533383857
+972535206796
+972535206815
+972535206824
+972535206829
+972533383894
+972533383922
+972533383933
+972533383935
+972535206880
+972533383943
+972533383946
+972535206916
+972536880888
+972535206953
+972535207072
+972535206972
+972535207074
+972535207076
+972535207078
+972535207091
+972535207001
+972535207102
+972535207007
+972535207115
+972535207016
+972535207019
+972535208011
+972535208012
+972535207166
+972535208014
+972535208016
+972535208035
+972535207196
+972535208064
+972535208067
+972535207242
+972535208082
+972535208098
+972535207275
+972535208122
+972535207299
+972535208161
+972535207334
+972535208191
+972535207351
+972535207360
+972535208242
+972535208253
+972535207405
+972535207422
+972535207423
+972535208292
+972535208302
+972535207452
+972535208306
+972535208314
+972535207477
+972535207480
+972535208328
+972535208340
+972535208362
+972535208365
+972535207545
+972535207557
+972535208388
+972535207558
+972535208412
+972535207578
+972535207585
+972535207601
+972535208465
+972535207635
+972535207636
+972535208525
+972535207666
+972535208551
+972535208552
+972535207685
+972535207687
+972535208566
+972535207732
+972535207734
+972535208646
+972535207765
+972535207771
+972535207780
+972535208692
+972535208705
+972535208710
+972535208711
+972535208712
+972535207860
+972535208717
+972535207866
+972535208742
+972535208753
+972535207939
+972535208770
+972535207971
+972535208771
+972535208772
+972535208778
+972535207998
+972535208001
+972535208002
+972535208007
+972535208808
+972535208009
+972535208810
+972535208010
+972535208979
+972535208825
+972535208826
+972535208993
+972535208837
+972535208999
+972535209001
+972535209003
+972535208857
+972535209004
+972535209007
+972535209016
+972535209026
+972535208918
+972535208920
+972535209051
+972535208970
+972535209059
+972535208972
+972535209091
+972535209990
+972535209991
+972535209121
+972535209122
+972535209997
+972535209123
+972535210005
+972535209134
+972535209148
+972535210036
+972535209213
+972535210065
+972535209219
+972535210074
+972535209244
+972535210091
+972535209259
+972535209267
+972535210110
+972535209273
+972535209280
+972535210128
+972535209293
+972535209313
+972535210208
+972535209324
+972535210215
+972535209329
+972535210216
+972535209335
+972535210224
+972535210252
+972535210256
+972535209385
+972535210260
+972535209397
+972535210279
+972535209398
+972535210290
+972535209401
+972535210304
+972535209407
+972535209410
+972535210312
+972535210323
+972535209440
+972535210331
+972535210335
+972535210344
+972535209510
+972535210427
+972535209570
+972535209573
+972535209584
+972535209613
+972535210502
+972535209623
+972535209663
+972535209668
+972535209683
+972535210554
+972535209743
+972535210595
+972535210605
+972535210629
+972535209794
+972535210645
+972535209795
+972535210662
+972535210670
+972535210674
+972535210688
+972535210694
+972535209886
+972535209910
+972535209932
+972535209951
+972535210847
+972535210926
+972535210862
+972535210935
+972535210883
+972535210886
+972535210975
+972535210987
+972535210989
+972535212135
+972535211014
+972535212137
+972535212150
+972535212175
+972535212177
+972535211088
+972535212179
+972535212183
+972535211107
+972535211109
+972535212195
+972535212201
+972535212208
+972535211161
+972535212209
+972535211200
+972535212215
+972535211202
+972535212217
+972535212219
+972535212224
+972535212227
+972535211269
+972535212249
+972535211292
+972535212290
+972535211318
+972535212297
+972535211330
+972535212314
+972535211332
+972535212317
+972535212338
+972535211390
+972535211391
+972535212348
+972535212352
+972535211442
+972535212355
+972535211497
+972535211505
+972535211512
+972535212401
+972535211525
+972535211540
+972535212442
+972535212456
+972535211611
+972535212480
+972535212498
+972535211768
+972535212511
+972535211771
+972535212534
+972535212542
+972535211826
+972535212572
+972535212577
+972535212592
+972535212593
+972535211881
+972535211899
+972535212649
+972535211910
+972535212668
+972535211922
+972535212677
+972535211926
+972535211938
+972535211958
+972535211978
+972535212789
+972535211995
+972535212833
+972535212852
+972535212119
+972535212122
+972535213155
+972535213173
+972535213192
+972535213246
+972535213289
+972535213296
+972535213307
+972535213361
+972535213420
+972535213422
+972535213425
+972535213431
+972535213455
+972535213461
+972535213474
+972535213477
+972535213479
+972535213502
+972535213525
+972535213529
+972535213609
+972535213611
+972535213661
+972535213701
+972535213740
+972535213742
+972535213750
+972535213799
+972535213811
+972535213858
+972535213873
+972535213884
+972535214068
+972535214117
+972535214155
+972535214159
+972535214162
+972535214202
+972535214235
+972535214245
+972535214260
+972535214273
+972535214278
+972535214282
+972535214287
+972535214295
+972535214301
+972535214309
+972535214333
+972535214341
+972535214365
+972535214368
+972535214407
+972535214416
+972535214417
+972535214539
+972535214543
+972535214622
+972535214650
+972535214658
+972535214683
+972535214689
+972535214708
+972535214709
+972535214710
+972535214828
+972535214848
+972535214868
+972535214912
+972535214922
+972535214949
+972535215009
+972535215033
+972535215042
+972535215050
+972535215077
+972535215094
+972535215106
+972535215119
+972535215120
+972535215124
+972535215125
+972535215150
+972535215151
+972535215152
+972535215176
+972535215189
+972535215208
+972535215241
+972535215269
+972535215305
+972535215325
+972535215350
+972535215393
+972535215440
+972535215447
+972535215455
+972535215460
+972535215474
+972535215506
+972535215520
+972535215541
+972535215567
+972535215610
+972535215627
+972535215635
+972535215665
+972535215669
+972535215671
+972535215683
+972535215686
+972535215696
+972535215699
+972535215706
+972535215725
+972535215773
+972535215825
+972535215844
+972535219628
+972535218444
+972535219640
+972535217318
+972535218449
+972535219643
+972535216255
+972535219664
+972535216274
+972535216276
+972535219667
+972535219679
+972535216281
+972535219681
+972535217388
+972535217391
+972535216317
+972535216318
+972535219717
+972535219718
+972535219776
+972535216428
+972535219864
+972535216462
+972535219882
+972535219885
+972535216526
+972535219925
+972535216565
+972535216589
+972535216643
+972535216665
+972535216679
+972535216689
+972535216695
+972535216710
+972535216750
+972535216781
+972535216787
+972535216803
+972535216821
+972535216826
+972535216854
+972535216861
+972535216890
+972535216907
+972535216929
+972535216956
+972535216964
+972535216969
+972535217012
+972535217073
+972535217121
+972535217127
+972535217132
+972535217147
+972535217220
+972535217232
+972535217255
+972535217277
+972548111565
+972548123081
+972548123679
+972548115810
+972533371739